0 0.4524713875 0.3308459453125 0.0027081859375 0.659515334375 0.0042401296875 0.7472802765625 0.4524713875 0.3308459453125
0 1 0.790837909375 0.759137859375 0.5457019546875 0.71246303125 0.5218295687500001 0.7053317125 0.5407162421875 0.9980530906249999 0.89702584375 1 0.8697288234375 1 0.790837909375
0 1 0.9092764875 0.6858528953125 0.536118825 0.675979325 0.5688781359374999 0.9509690703125001 0.9922044703124999 1 0.99134863125 1 0.9092764875
0 0.5191567390625 0.5607531609375 0.5077015484375 0.9999417328125 0.5694591015625 0.9988637515625 0.5191567390625 0.5607531609375
0 0.5430590937499999 0.5623109125 0.5845023046875 0.9986011703125 0.649467196875 0.9974672046874999 0.5625034515625 0.5649339624999999 0.5430590937499999 0.5623109125
0 0.35940000625 1 0.444094484375 0.620324925 0.43572250312499994 0.5681344125 0.4051368453125 0.6111300921875 0.30134874218749996 1 0.35940000625 1
0 0.2750361 1 0.3890206 0.6281986296875 0.35253689375 0.6752471921875001 0.2312722359375 1 0.2750361 1
0 0.203400515625 1 0.20592757499999997 0.9957760531250001 0.336076025 0.6725720671875 0.3052146609375 0.699772815625 0.167132065625 1 0.203400515625 1
0 0.14472389375 1 0.337784390625 0.59946844375 0.260324515625 0.69265650625 0.091413021875 1 0.14472389375 1
0 0.44876102500000004 1 0.45060793125 0.9934801109375 0.47286838906249995 0.64450976875 0.41630832656249994 1 0.44876102500000004 1
0 0.49258534843749996 1 0.49083823125 0.6481460390625 0.4880270609375 0.658069946875 0.4684793171875 0.649523796875 0.4628960984375 1 0.49258534843749996 1
0 0.5728939609375 0.5617901437499999 0.667268796875 0.9971564765625001 0.7008166250000001 0.996570896875 0.697858221875 0.9674396968750001 0.5728939609375 0.5617901437499999
0 0.7903737390625001 0.9950076718749999 0.7907943203125 0.9914920671875 0.621043296875 0.584649303125 0.6269831906250001 0.6684817484375001 0.7351726703125 0.9959712093749999 0.7903737390625001 0.9950076718749999
0 0.6557841703125 0.60872999375 0.626906878125 0.5786220515625 0.65033414375 0.638449640625 0.6557841703125 0.60872999375
0 0.6533791703125 0.5564353328125 0.6648380234375 0.6144968609375 0.7039335078125 0.6315891578125 0.6533791703125 0.5564353328125
0 0.8304048859375 0.994308925 0.804540015625 0.9241032406249999 0.6805825609375 0.6616212625 0.6548610671875 0.641333075 0.7973688171875 0.994885571875 0.8304048859375 0.994308925
0 0.78343406875 0.74079965625 0.6533447078125 0.5544609656249999 0.661992384375 0.6224464046875 0.7540816796875001 0.7689615515625 0.783847621875 0.7644920468749999 0.78343406875 0.74079965625
0 0.9374053421875 0.992441225 0.829564875 0.8189931453125 0.792012825 0.8048363593750001 0.7790523828125 0.8317246484374999 0.8536964046875 0.9939023703125001 0.9374053421875 0.992441225
0 0.3108911640625 0.512051809375 0.6405147296875 0.5033357578125 0.6684959921875 0.48211017968750003 0.3834868765625 0.482147615625 0.3713116953125 0.468535359375 0.36263693125 0.48448651875 0.3104776109375 0.4883594140625 0.3108911640625 0.512051809375
0 0.700831865625 0.453896209375 0.645275509375 0.4341287921875 0.3618442890625 0.43907610156250004 0.348608146875 0.45016945937499997 0.3563253359375 0.4648470109375 0.6293660453125 0.463043521875 0.700831865625 0.453896209375
0 0.36527579375 0.46469078125 0.6890357734375 0.4620019828125 0.700831865625 0.453896209375 0.6467844859375 0.435089934375 0.5815194859374999 0.37204269375 0.45031500781249995 0.37828280937500003 0.396068228125 0.4335413 0.3515571734375 0.4481430171875 0.36527579375 0.46469078125
0 0.1141681359375 0.6971826421875 0.135431634375 0.7185361296874999 0.2847979671875 0.5559565546874999 0.2829099 0.5332773828125 0.1141681359375 0.6971826421875
0 0.14448548125 0.724303 0.1129004046875 0.710042059375 0.043391565625 0.7458172734375 0.11523647968749999 0.758387990625 0.139000984375 0.7520482765625001 0.14448548125 0.724303