0 0.5662173765625 0.336136359375 0.9959428828125001 0.7367955046875 0.99741689375 0.6523495125000001 0.5662173765625 0.336136359375
0 0 0.8988158593750001 0.0017854921875 0.923960625 0.30462395 0.554032996875 0.29724793125 0.5344259375 0.24896203749999998 0.5592124578125001 0 0.8134934953125 0 0.8988158593750001
0 0 0.99134863125 0.070034796875 0.99257109375 0.3349867125 0.583267853125 0.3247747703125 0.5492588578125 0 0.9364055734375001 0 0.99134863125
0 0.50824175625 1 0.497217671875 0.5748226890625 0.44864135312500003 0.9991796953125001 0.49563659531250004 1 0.50824175625 1
0 0.45237592812500005 0.5791658453124999 0.3684842953125 0.9977805484375001 0.43247829375 0.99889756875 0.47249097031250004 0.5764414328125 0.45237592812500005 0.5791658453124999
0 0.7143134375 1 0.6151661765625 0.6271150171875 0.5835285703124999 0.58248029375 0.574864534375 0.6366632890624999 0.655605484375 1 0.7143134375 1
0 0.783537009375 1 0.6695758546875 0.693675878125 0.6318370734375 0.6448339671875 0.7403154078124999 1 0.783537009375 1
0 0.8472339984374999 1 0.7185283640625 0.719134521875 0.686604528125 0.69089759375 0.810616909375 1 0.8472339984374999 1
0 0.9228139046875 1 0.764966953125 0.711743721875 0.6848419531250001 0.61500395 0.8697375218750001 1 0.9228139046875 1
0 0.5986989078125 1 0.5450968375 0.6617730421875 0.56657458125 1 0.5986989078125 1
0 0.5549026593749999 1 0.549636940625 0.6669781578125 0.5294145640625 0.67585174375 0.5265070921875 0.6655492546875 0.5248315671875 1 0.5549026593749999 1
0 0.441627315625 0.5759027062500001 0.31240171562499996 0.9968016234375 0.3505435734375 0.9974673921875 0.441627315625 0.5759027062500001
0 0.391816134375 0.5996374234374999 0.22728868124999999 0.9953159703125 0.2837219984375 0.9963010171875 0.38566601875 0.6866698671875 0.391816134375 0.5996374234374999
0 0.361511765625 0.65549303125 0.385750740625 0.5933805078125001 0.35587571093750003 0.62463943125 0.361511765625 0.65549303125
0 0.30606452812499996 0.648374153125 0.346509275 0.6306269828125 0.35836700781249997 0.5703486953125 0.30606452812499996 0.648374153125
0 0.22156581874999998 0.9952160765625001 0.3568285515625 0.65848680625 0.33021877499999996 0.6795509859375 0.20196990625 0.952059034375 0.18634996406249998 0.9946013828125 0.22156581874999998 0.9952160765625001
0 0.2238154578125 0.7617579812499999 0.2233861203125 0.7863546625 0.25417821875 0.7909928359375 0.34945253125 0.6388797515625 0.35840278593749997 0.56829896875 0.2238154578125 0.7617579812499999
0 0.16501019687500001 0.9942288953125 0.2283423921875 0.8561530078124999 0.214936753125 0.8282393125 0.176088853125 0.84293883125 0.08323730781250001 0.99280154375 0.16501019687500001 0.9942288953125
0 0.6375710125 0.49320829687499995 0.342733678125 0.49318775937500003 0.3716784796875 0.51522165 0.712668184375 0.5242491703125001 0.7130975203125 0.499652484375 0.6591397953125 0.495635128125 0.6501669171875 0.47907572031249995 0.6375710125 0.49320829687499995
0 0.3832142046875 0.4733908734375 0.6656703015625001 0.4752456359375 0.673654553125 0.46000739218750003 0.659962690625 0.4484914890625 0.3667579796875 0.44337358125000004 0.30928455312500003 0.46389903125 0.3832142046875 0.4733908734375
0 0.6706039625 0.457903796875 0.6245589328125 0.44274764062500005 0.5684450671875 0.3853835984375 0.43271655000000003 0.3789137546875 0.36519690625 0.444371503125 0.30928455312500003 0.46389903125 0.3214869 0.47231341875000005 0.6564112062499999 0.47508401874999995 0.6706039625 0.457903796875
0 0.7416129859375 0.5462830546874999 0.7396583531250001 0.569827940625 0.8941649625 0.7386030546875 0.9161630796875 0.71643320625 0.7416129859375 0.5462830546874999
0 0.8847985328125001 0.7445906109375 0.890470371875 0.7733944859374999 0.915053959375 0.7799746359374999 0.9893771750000001 0.7669195156249999 0.9174737015625001 0.7297833453125 0.8847985328125001 0.7445906109375