0 1 0.5746888703125 0.7149567203125 0.4453134453125 0.6982420296875 0.551048825 1 0.7019259265625 1 0.5746888703125
0 0 0.2090047578125 0.0556106578125 0.2616506609375 0.18578570625 0.303837809375 0.41438008281250005 0.4194843125 0.44732363125 0.4191256421875 0.4686655078125 0.367221103125 0.496563459375 0.3580812296875 0.5186747390625001 0.38213987031249996 0.5368324906249999 0.476450415625 0.5859836484375001 0.4930112875 0.6191187 0.39641349375 0.613640525 0.3737104859375 0.0352971015625 0.1272167984375 0 0.079400271875 0 0.2090047578125
0 0.4737961046875 0 0.35692288437499997 0.0122838703125 0.6976145484375 0.1724464609375 0.729575946875 0.10390657031249999 0.7665971093749999 0.10311933124999999 0.789676375 0.136387746875 0.7992463265625 0.21763362812499998 0.981006659375 0.29308654375 0.9673219921875 0.16288564218749998 0.6692486093750001 0.0202359125 0.5934504640625 0 0.4737961046875 0
0 0.48729124375 0.6228820640625 0.4620986703125 0.72640466875 0.55761403125 0.7722346953125 0.561560478125 0.672497071875 0.48729124375 0.6228820640625
0 0 0.4868425796875 0.20656725156250003 0.5996220906249999 0.23983346249999998 0.60233334375 0.314829603125 0.5509971921875 0.332115115625 0.5879783921875 0.3314839578125 0.6408099921875 0.355524128125 0.6538024625000001 0.3937047765625 0.5659858703125 0.380716703125 0.5502798578125 0.2229521953125 0.46133105937499996 0 0.372386409375 0 0.4868425796875
0 0.279822325 0.8945469390625 0.28938519218750003 0.9463070968749999 0.33038113125 0.963725121875 0.32346698125 0.7704619125 0.279822325 0.8945469390625
0 0.5262038859375 1 0.6129478921875 0.9908828375000001 0.589947665625 0.9131647859375001 0.42821546406250005 0.835496453125 0.42758430468749997 0.88832804375 0.45453044218749994 1 0.5262038859375 1
0 0.027869462499999997 0.7913641109375 0.1462149828125 0.8589282171875 0.2034788734375 0.6977176078125 0.06427636249999999 0.5990582718749999 0.005838706250000001 0.5817554703125001 0.027869462499999997 0.7913641109375
0 1 0.8914800375 0.6716701375 0.7198970140625 0.676421403125 0.84355118125 0.7110881796874999 0.8693940234375 0.8823903921875 0.9625632906250001 1 0.9502020218749999 1 0.8914800375
0 0.5906745765625 0.81221363125 0.6182342546874999 0.9903272187500001 0.6844023015625 0.9833726765625 0.65995146875 0.6280135312499999 0.79677494375 0.20392610625000002 0.784630778125 0.127606546875 0.736015025 0.1063336390625 0.6867822796875 0.19686377187499998 0.6758542624999999 0.2694006375 0.6035705765625 0.44460525000000006 0.5694958703124999 0.6499361546875 0.57081485 0.78015875 0.5906745765625 0.81221363125
0 0.4299408734375 1 0.42155655468750003 0.811365621875 0.5321095546875 0.4707391375 0.5193200640625 0.3882797234375 0.4975314453125 0.36729100625 0.464162403125 0.3832135921875 0.4248010203125 0.46960236093749996 0.408724571875 0.55199186875 0.34748590468749996 0.6949972171875001 0.3295904796875 0.799304775 0.337788196875 0.975361959375 0.352814571875 1 0.4299408734375 1
0 0.23132951406250002 1 0.22822102656249998 0.952735709375 0.32494204843749996 0.6570167687499999 0.3138687 0.5712731390625 0.30152595312499997 0.5617069781249999 0.23758190625000003 0.6103295921874999 0.138073925 0.9187568109375001 0.142517415625 1 0.23132951406250002 1