0 0.5881362718750001 0.3214153703125 0.8405876953125 0.05684519375 0.711374353125 0.0317286640625 0.49509741875 0.27617349999999996 0.5881362718750001 0.3214153703125
0 0 0.9103961 0.1393828453125 0.831639478125 0.21509079843749998 0.7236464265625 0.38646343125 0.5457371546875 0.39542109375 0.5152923296874999 0.35345340625 0.4809834984375 0.35287015 0.45270736093749997 0.3813471 0.43913227343749994 0.47365688281249996 0.44902897187499996 0.5028267390625001 0.40843162031249997 0.4228656828125 0.3506446171875 0.400332125 0.34928197499999997 0.0093713171875 0.812402678125 0 0.815692734375 0 0.9103961
0 0.2719780375 0 0.0892262453125 0.198285946875 0.0312719453125 0.290975265625 0 0.451855478125 0 0.47690382500000006 0.23794282656250001 0.21512376562500002 0.1835902546875 0.1663378 0.19330149218749998 0.1320162046875 0.23056579375 0.12014920468750001 0.3083758 0.1342681234375 0.41957080781249995 0 0.2719780375 0
0 0.595063028125 0.5359941578125 0.6836656265625 0.5884202140625 0.7529682484375 0.5133797312499999 0.661873975 0.48159141875 0.595063028125 0.5359941578125
0 0.5062889421875 0.758121721875 0.47997588125 0.67455356875 0.5190389468750001 0.6690710890625 0.567703596875 0.6845654171875 0.5864938125 0.6660899765625 0.516073675 0.6061342890625 0.4978912140625 0.613663921875 0.37117275156249996 0.7338694234375 0.1968465046875 0.9504312781250001 0.306876809375 0.9708131874999999 0.49440216562500006 0.7879971828125 0.5062889421875 0.758121721875
0 0.7877152046875 0.8037731296875 0.8382637703125001 0.809575521875 0.86592649375 0.7767317171875 0.6853057421875001 0.7285470296875001 0.7877152046875 0.8037731296875
0 1 0.5320835953125 0.984915628125 0.52426809375 0.8923748765624999 0.523378815625 0.7749663734375 0.6504230546875001 0.8236310171874999 0.6659173796875 0.9753241984375001 0.6750905171875 1 0.548144528125 1 0.5320835953125
0 0.6284347640625 1 0.71711191875 0.916781684375 0.5842202703125 0.8185316234375 0.4537584671875 0.9188990468749999 0.40646680625 0.990171521875 0.45570077812500004 1 0.6284347640625 1
0 1 0.1273863046875 0.736743203125 0.3935515921875 0.8524007703125 0.4240796484375 0.8860675406249999 0.399443603125 1 0.2880146734375 1 0.1273863046875
0 1 0.459926678125 0.6484928890625 0.37840909375 0.2950063796875 0.132675184375 0.22102487499999998 0.12231789062500001 0.1876497296875 0.1610920046875 0.2574621140625 0.23199350000000002 0.3214407578125 0.262534321875 0.4630346046875 0.37856892656249996 0.643254071875 0.46791394531249997 0.7640163078125 0.5034575015625 0.7992508734375 0.4942133984375 1 0.5231926921875 1 0.459926678125
0 0.8787733140625 0.7731940078124999 0.9571304187499999 0.7532216296875001 0.9636797874999999 0.7349958171875 0.96931055 0.7060280609375 0.7507798640625001 0.6497449265624999 0.46704507968750003 0.45176702031250004 0.3872053359375 0.4402709984375 0.3616575015625 0.45441545000000005 0.36696864375 0.489645471875 0.4357358265625 0.550285675 0.5073714765624999 0.5883497453125 0.6223116359375 0.6851220125 0.7136975343749999 0.731048396875 0.8787733140625 0.7731940078124999
0 0.9354055671875001 0.8804540703124999 0.9237062796875 0.8704396390625 0.8763784625 0.8793446765624999 0.82696024375 0.867727125 0.58084205 0.695165775 0.49844997031249993 0.68116200625 0.48612574375 0.6898303609374999 0.5130465640625 0.7624527125 0.7701276625 0.941168284375 0.9165804109375 0.97730110625 0.9354055671875001 0.8804540703124999