0 1 0.7360471859375 0.90927604375 0.539035021875 0.8834145953125001 0.5155833609375 0.9350935484375 0.7971048 0.9749369203124999 0.9170399625 1 0.91216819375 1 0.7360471859375
0 0.8363110562499999 0.6020384703125 0.8307439343749999 0.9450682390624999 0.9529096828125001 0.9213216234375 0.8526884906250001 0.4618864203125 0.8363110562499999 0.6020384703125
0 0.5481445218750001 1 0.7593818015625 0.9589396328124999 0.8223493843749999 0.6345870859375 0.81535985625 0.5464414843750001 0.799858403125 0.5345372875 0.8010285749999999 0.561432325 0.7575109640625 0.5671790390625 0.4884574890625 1 0.5481445218750001 1
0 0.3857156484375 1 0.668475184375 0.6414430796875 0.680620275 0.5943302015625 0.659006915625 0.5144516796875 0.5541282640625 0.28802332656249996 0.512134696875 0.3016105484375 0.6204152984375 0.5246653765625 0.6265272015625001 0.5926397031249999 0.0927324046875 1 0.3857156484375 1
0 0.6261575859375 0.5750819265625 0.0710724546875 0.9137806062499999 0.08757922500000001 0.998700575 0.48052015625 0.707812578125 0.6261575859375 0.5750819265625
0 0.49292629843749997 0.59419884375 0.050108493750000004 0.8059303796874999 0.069418159375 0.905269996875 0.6220934812500001 0.5541739140625 0.49292629843749997 0.59419884375
0 0.0487931265625 0.7991634000000001 0.4714215015625 0.598378953125 0.492171328125 0.5224709890625 0.43178072500000003 0.3579135171875 0.40591928125 0.33446185625 0.375871071875 0.3416587578125 0.42630113906249995 0.41322363281249996 0.4489305203125 0.49832915624999996 0.44511337187500005 0.546535496875 0.024906964062500002 0.6762797421875 0.0487931265625 0.7991634000000001
0 0 0.3721441234375 0.1644090359375 0.302751459375 0.1907784953125 0.3288166234375 0.20934377187500003 0.39301413281249997 0.222706259375 0.48263321093749995 0.2014484203125 0.5559276765625001 0.01320946875 0.6161013468750001 0.024582407812500002 0.6746100515625 0.287052409375 0.5840400640625 0.29918174999999997 0.500314871875 0.28015404843749997 0.37111326093749997 0.25463073125 0.29199475937499997 0.207464215625 0.232000640625 0.15257058750000002 0.22097288593750003 0 0.311351034375 0 0.3721441234375
0 0.47263396406249997 0.218428359375 0.4076115609375 0.2283551796875 0.26020313281249996 0.28413097187499997 0.26999378281249997 0.31884322656249997 0.521524246875 0.2455404140625 0.47263396406249997 0.218428359375
0 0.7733662890625 0.560028703125 0.7924080921875001 0.5536151031250001 0.7551374921875 0.26793683281249997 0.7241188453125 0.20751614062499998 0.31308045 0.3213170265625 0.713128184375 0.24491175156249997 0.72921471875 0.2702634625 0.7733662890625 0.560028703125
0 0.6685647078125 0.3444343703125 0.7614822546875 0.5406407296875 0.7402683531250001 0.37931707812500004 0.7001212125 0.3084656625 0.635436934375 0.262725646875 0.561655646875 0.27977952500000003 0.5731087406250001 0.30738801250000003 0.6151793765625 0.304634809375 0.6685647078125 0.3444343703125
0 0.8761640109375 0.49393861093749997 0.904350053125 0.5345680374999999 0.8760695500000001 0.27426477031249996 0.8433271343750001 0.2467261296875 0.7621568625 0.2570795375 0.76680605625 0.29143506874999997 0.8274104843750001 0.2796547609375 0.852763915625 0.300492921875 0.8761640109375 0.49393861093749997
0 0.40627314999999997 0.3154073234375 0.42431466875 0.340379028125 0.5151827765625 0.3172915578125 0.4937393046875 0.295693378125 0.40627314999999997 0.3154073234375