0 0.15788647656250002 1 0.1602154609375 0.9057533359375001 0.1269615828125 0.6184004703125 0.108785096875 0.648719303125 0.060690107812500005 1 0.15788647656250002 1
0 0.2996875390625 1 0.19836658125 0.6880040390625 0.140897409375 0.5574133734375 0.1771862609375 1 0.2996875390625 1
0 0.5262038953125 1 0.671751740625 0.9847023046875 0.26460181875 0.6309895234375 0.2206113109375 0.638318678125 0.2137740171875 0.611981678125 0.20224064843749998 0.62807448125 0.22158396093750002 0.715324984375 0.373533915625 1 0.5262038953125 1
0 1 0.8381226875 0.3994294609375 0.6168185671875 0.38521411875 0.5493208109375 0.42429609687500003 0.3017124890625 0.3794618171875 0.301013634375 0.3446858046875 0.5508749484375 0.34736777343749997 0.63446550625 0.3731382546875 0.6763987015625 0.7986921 0.9698665296875 0.8568451109374999 0.9652482078125001 1 0.9502020218749999 1 0.8381226875
0 1 0.7539668671875 0.3945827484375 0.59974181875 0.575455040625 0.6848955390625 1 0.8343541078125 1 0.7539668671875
0 1 0.6489007703125 0.529713421875 0.578775109375 0.39233267656250004 0.578333809375 1 0.74484105 1 0.6489007703125
0 1 0.5195274375000001 0.5620416875 0.518560453125 0.5440393593749999 0.47310522656250004 0.5407948671875 0.38416266875 0.56857945 0.30007550625 0.537247346875 0.302015865625 0.5190708625 0.332334696875 0.5091797640625 0.5092358734375 0.5518493046875 0.576448534375 1 0.6421365046874999 1 0.5195274375000001
0 1 0.47379610781250003 0.99832723125 0.45788077656250004 0.8015987593749999 0.45550411406249997 0.759210478125 0.390967453125 0.7456229624999999 0.3004064234375 0.74462854375 0.23287187656250002 0.762523771875 0.199877040625 0.9734707828125 0.2213874625 0.9680626046875 0.1699320953125 0.7497800359375 0.11734401406249999 0.69970893125 0.1442512015625 0.6716648609375 0.2161906 0.670322128125 0.3002041734375 0.6901408828125 0.430693709375 0.7267515953125 0.508012653125 1 0.5175358218749999 1 0.47379610781250003
0 0.43801597656249996 0.20963412187500002 0.3985473859375 0.25030752968750003 0.664696946875 0.246684146875 0.663918478125 0.2102408734375 0.5041423640625 0.199978390625 0.43801597656249996 0.20963412187500002
0 0.1904094921875 0.27353648750000004 0.17818298593749998 0.341107828125 0.22667013906250003 0.6282123984375 0.24707492812499998 0.6287733296875 0.20406231562500002 0.3356822390625 0.21217703437500002 0.3064209421875 0.623562571875 0.2618297984375 0.1904094921875 0.27353648750000004
0 0.32506297968750003 0.3351395890625 0.36675986875 0.3253459421875 0.36970308125 0.29527540937499996 0.292952409375 0.30063666875 0.24365977343749998 0.3639871359375 0.22565570156249998 0.444340753125 0.25287426874999996 0.6065192921875 0.28498833125 0.3894045171875 0.32506297968750003 0.3351395890625
0 0.092971028125 0.40146966093750003 0.11142877031250001 0.3738268296875 0.1738117125 0.3672701171875 0.16814299375 0.33269360937500003 0.08619903906250001 0.3467173859375 0.0625480171875 0.3830227484375 0.112247284375 0.6429442859375001 0.1275894109375 0.5953371984375 0.092971028125 0.40146966093750003
0 0.4404166921875 0.29054867500000003 0.42598365156250007 0.31776849375 0.5211267578125 0.31317967812499997 0.53125383125 0.28370686875 0.4404166921875 0.29054867500000003