0 1 0.40380297968749995 0.4511943875 0.5039159515625 0.44101337812499997 0.503793325 0.43805998125 0.48887565781250003 0.41172985625 0.46388557500000005 0.40813008125000005 0.43760273125 0.3986427328125 0.4774351390625 0.403058796875 0.5334920078125001 0.42602036718749997 0.545517590625 0.9997775703125 0.5535985640625001 1 0.5525521140625 1 0.40380297968749995
0 1 0.2087640671875 0.9801340703125 0.2243938859375 0.9353810656249999 0.233254075 0.47129193437500005 0.42857263437500004 0.44879280781249997 0.44318373906249997 0.44783986249999996 0.4572710890625 0.43730500625 0.45401112968749996 0.42860069375 0.4613473375 0.42610973906250005 0.4730663578125 0.431554090625 0.4762650046875 0.4356443703125 0.46182380937499995 0.4497317203125 0.462776753125 0.44717945156249994 0.47958627812500004 0.43113893125 0.47821817656250004 0.4432117984375 0.48384646406250004 0.46132811562500003 0.47544871874999994 0.5154318124999999 0.4706174953125 1 0.36757055156249996 1 0.2087640671875
0 0.48678947812500006 0.312443965625 0.48180756875 0.3358820078125 0.4945881265625 0.3477849671875 0.5208096578125 0.34927569375 0.5798952640625 0.32100642968750004 0.965021396875 0.0876730515625 0.79778333125 0.05212550312499999 0.49472478437499995 0.30392359375 0.48678947812500006 0.312443965625
0 1 0.1188473125 0.5657325703125 0.35882435468749996 0.4688763234375 0.4015207875 0.45655820468749997 0.4162545171875 0.46738559375 0.42774231562500004 0.484671590625 0.4232509078125 1 0.20443883125 1 0.1188473125
0 0.68724531875 1 0.5216134625 0.8353033015625 0.497590353125 0.8138657125 0.46480162031249994 0.8048548375 0.47084506875 0.7908288 0.46546203124999996 0.7825396484375 0.3788429125 0.6906372484375 0.3297211265625 0.67203043125 0.315157303125 0.6781211609375 0.3118360296875 0.6937465234375 0.486308753125 1 0.68724531875 1
0 0.3510132203125 0.8551800109375 0.32960369218749996 0.8118423921875 0.33366071875 0.735130971875 0.3121285640625 0.7019743625 0.3030844359375 0.6724928734375 0.2829255765625 0.75292669375 0.2804819046875 0.7932355734375001 0.314370140625 0.971713453125 0.3957491015625 0.989011084375 0.3510132203125 0.8551800109375
0 0.4297671828125 0.7872009624999999 0.43302714375000007 0.77666610625 0.41887848125 0.78080366875 0.42155337499999995 0.75381313125 0.4297812140625 0.7535205984375 0.4118488359375 0.74664683125 0.41126376875000004 0.730191153125 0.3995447484375 0.7277001984375 0.3931001703125 0.709999040625 0.3868255 0.710706734375 0.37688974375 0.6902220890625 0.3667700453125 0.685008959375 0.37553566875 0.6725822453125 0.3956612765625 0.5298782 0.39598186874999997 0.47074531249999996 0.463067740625 0.1359229015625 0.4299251609375 0.1237746921875 0.4141158609375 0.1357249328125 0.41154956406250004 0.186214821875 0.354332946875 0.4169814328125 0.28060453125 0.7830545640625 0.313509628125 0.9715305453124999 0.3959034703125 0.989043896875 0.3514283796875 0.8532268406249999 0.32960369218749996 0.8118423921875 0.3293865015625 0.7648436843749999 0.334137190625 0.728087296875 0.36531256875 0.7735007109375001 0.3747245734375 0.772439171875 0.3803528625 0.76036630625 0.39988456562499997 0.7645178968749999 0.3965632921875 0.7801432578124999 0.4297671828125 0.7872009624999999
0 0.467820478125 0 0.4175597609375 0.10991856250000001 0.42057446875000004 0.1197457265625 0.4381530015625 0.1234821578125 0.44881048124999995 0.1165611078125 0.47884378749999995 0.0617024375 0.48791597500000006 0.023823198437500002 0.4936217015625 0 0.467820478125 0
0 0.4971697421875 0 0.4156642578125 0.39735516406250004 0.41268279999999996 0.449798225 0.42143439374999997 0.471051875 0.42652489843749997 0.47111318906250005 0.42593983281250003 0.45465750937499994 0.46028060625 0.4323563484375 0.4536048078125 0.40133684843750006 0.46369125312500004 0.34427975625 0.457784459375 0.31444441875 0.46176614374999997 0.27650386875 0.5185623046875001 0 0.4971697421875 0
0 0.239719421875 0.6008438968750001 0.263945690625 0.702960559375 0.27160249375 0.65253198125 0.23748774843749998 0.558520534375 0.239719421875 0.6008438968750001
0 0.240917615625 0.566394528125 0.2746925453125 0.6235882765625 0.279028075 0.5887850609374999 0.2376103734375 0.548339525 0.240917615625 0.566394528125
0 0.2389171625 0.537389509375 0.290176059375 0.5411399703125 0.3015079796875 0.47822336875 0.2461447765625 0.5225944671875 0.2389171625 0.537389509375