0 0.451171875 0.4072265625 0.4755859375 0.416015625 0.494140625 0.4462890625 0.5078125 0.4521484375 0.505859375 0.4619140625 0.28515625 0.9990234375 0.44140625 0.9990234375 0.55078125 0.4462890625 0.5439453125 0.421875 0.4912109375 0.40625 0.451171875 0.4072265625
0 0.4853515625 0.4375 0.4833984375 0.453125 0.466796875 0.4521484375 0.46875 0.4384765625 0.4833984375 0.4375 0.4814453125 0.431640625 0.4697265625 0.431640625 0.4609375 0.4384765625 0.4619140625 0.44921875 0.4482421875 0.447265625 0.4296875 0.4658203125 0.1484375 0.8701171875 0.130859375 0.9111328125 0.107421875 0.9306640625 0.0625 0.9951171875 0.0634765625 1 0.24609375 0.9990234375 0.4609375 0.5166015625 0.4765625 0.4658203125 0.48828125 0.4501953125 0.4853515625 0.4375
0 0.3388671875 0.45703125 0.3154296875 0.45703125 0.3056640625 0.462890625 0 0.7041015625 0.001953125 0.8701171875 0.3046875 0.5478515625 0.34375 0.4970703125 0.34765625 0.4716796875 0.3388671875 0.45703125
0 0 0.9990234375 0.056640625 0.9990234375 0.421875 0.4775390625 0.4296875 0.4619140625 0.4208984375 0.44921875 0.404296875 0.4580078125 0.34375 0.5419921875 0 0.9384765625 0 0.9990234375
0 1 0.6201171875 0.7158203125 0.3671875 0.7001953125 0.3671875 0.69140625 0.3798828125 0.69921875 0.4306640625 0.76953125 0.5322265625 0.7763671875 0.5390625 0.791015625 0.5361328125 0.79296875 0.5693359375 0.80859375 0.5966796875 0.986328125 0.8720703125 1 0.8837890625 1 0.6201171875
0 0.697265625 0.3544921875 0.7236328125 0.369140625 0.7509765625 0.396484375 0.8251953125 0.408203125 0.8623046875 0.4375 1 0.5185546875 0.9990234375 0.43359375 0.8173828125 0.357421875 0.7783203125 0.3515625 0.697265625 0.3544921875
0 0.2099609375 0.359375 0.1611328125 0.3515625 0.146484375 0.3642578125 0.1513671875 0.3984375 0.4853515625 0.40234375 0.5419921875 0.4140625 0.6826171875 0.423828125 0.6962890625 0.41796875 0.69921875 0.4287109375 0.716796875 0.4423828125 0.71484375 0.4482421875 0.73046875 0.4580078125 0.73046875 0.4697265625 0.74609375 0.4736328125 0.7490234375 0.4921875 0.7509765625 0.484375 0.77734375 0.4873046875 0.7705078125 0.5 0.78125 0.4990234375 0.78125 0.4658203125 0.765625 0.4658203125 0.765625 0.4462890625 0.7783203125 0.443359375 0.78125 0.4345703125 0.744140625 0.3955078125 0.7802734375 0.3984375 0.8251953125 0.408203125 0.8603515625 0.4375 1 0.5185546875 0.9970703125 0.431640625 0.8076171875 0.35546875 0.4423828125 0.3515625 0.2099609375 0.359375
0 0.14453125 0.3544921875 0.1357421875 0.349609375 0 0.3798828125 0.0009765625 0.400390625 0.0390625 0.3994140625 0.0771484375 0.3984375 0.1357421875 0.380859375 0.14453125 0.3720703125 0.14453125 0.3544921875
0 0.4619140625 0.4140625 0.4111328125 0.40625 0 0.4033203125 0.0009765625 0.423828125 0.2861328125 0.42578125 0.3232421875 0.4296875 0.3505859375 0.44140625 0.4072265625 0.443359375 0.435546875 0.4560546875 0.4638671875 0.427734375 0.4794921875 0.431640625 0.48046875 0.4267578125 0.4619140625 0.4140625
0 0.734375 0.3232421875 0.6416015625 0.279296875 0.6015625 0.2685546875 0.6845703125 0.3203125 0.734375 0.3232421875
0 0.65625 0.3173828125 0.6083984375 0.2734375 0.591796875 0.2666015625 0.6220703125 0.314453125 0.65625 0.3173828125
0 0.57421875 0.3154296875 0.5810546875 0.265625 0.5654296875 0.26953125 0.51171875 0.3134765625 0.57421875 0.3154296875