0 0.7609375 0.6109375 0.478125 0.74375
0 0.5515625 0.840625 0.175 0.215625
0 0.45390625 0.72109375 0.06875 0.1390625
0 0.3578125 0.6546875 0.1515625 0.084375
0 0.24296875 0.6421875 0.096875 0.0625
0 0.14140625 0.64296875 0.1328125 0.0625
0 0.64453125 0.14609375 0.6109375 0.2921875
0 0.60546875 0.3703125 0.3921875 0.278125
0 0.55390625 0.56796875 0.2421875 0.1703125
0 0.5203125 0.68203125 0.1328125 0.10625
0 0.4421875 0.6421875 0.06875 0.1390625
0 0.31328125 0.6015625 0.221875 0.1046875
0 0.14375 0.60625 0.1265625 0.053125
0 0.0484375 0.6046875 0.0625 0.05
0 0.046875 0.64296875 0.059375 0.0546875