0 0.89453125 0.48828125 0.2109375 0.1390625
0 0.7109375 0.5234375 0.1703125 0.0703125
0 0.89375 0.3453125 0.2046875 0.2015625
0 0.75234375 0.41796875 0.1375 0.1453125
0 0.66171875 0.490625 0.1015625 0.0671875
0 0.65078125 0.896875 0.053125 0.1859375
0 0.6015625 0.76328125 0.0765625 0.0890625
0 0.54140625 0.68125 0.0484375 0.0890625
0 0.62734375 0.6140625 0.040625 0.10625
0 0.61953125 0.378125 0.071875 0.16875
0 0.584375 0.12109375 0.0640625 0.1890625
0 0.53125 0.42421875 0.08125 0.121875
0 0.52734375 0.2671875 0.090625 0.1875