0 0.28984375 0.9078125 0.4078125 0.184375
0 0.4671875 0.78359375 0.2671875 0.20625
0 0.7296875 0.6875 0.409375 0.184375
0 0.63359375 0.61796875 0.2 0.11875
0 0.82109375 0.50546875 0.078125 0.1640625
0 0.7109375 0.54609375 0.09375 0.065625
0 0.24765625 0.69921875 0.4515625 0.296875
0 0.5203125 0.5859375 0.215625 0.1609375
0 0.65859375 0.51875 0.1125 0.0765625
0 0.1515625 0.41640625 0.303125 0.3390625
0 0.39140625 0.4171875 0.253125 0.2171875
0 0.5640625 0.4390625 0.1484375 0.1171875
0 0.6703125 0.45 0.1015625 0.06875
0 0 0.196085796875 0.7405497390625 0.44231155468749994 0.7604622421875 0.4348912921875 0.3518867625 0.036877662500000005 0 0.140681159375 0 0.196085796875
0 0.5256214328125 0 0.3992239203125 0.052166742187500004 0.75507356875 0.4257477859375 0.7774637515625 0.41579567968750003 0.62061758125 0 0.5256214328125 0
0 0.87396235 0.7841265046875 0.532873421875 0.843825809375 0.5397656750000001 0.890173046875 0.8773121968750001 0.8287351968750001 0.87396235 0.7841265046875
0 0.8745376828125 0.749026209375 0.5316024890625 0.8013205484375 0.5268418171875 0.8383382890625001 0.8647711109375 0.7846702953125 0.8745376828125 0.749026209375