0 0.47734375 0.88828125 0.11796875 0.20859375
0 0.459375 0.703125 0.0546875 0.16015625
0 0.6140625 0.89609375 0.17890625 0.1875
0 0.55625 0.7515625 0.1296875 0.121875
0 0.49453125 0.65859375 0.0578125 0.09375
0 0.09921875 0.6140625 0.18828125 0.03515625
0 0.23828125 0.57734375 0.0796875 0.0671875
0 0.321875 0.528125 0.0828125 0.03828125
0 0.378125 0.615625 0.10078125 0.0296875
0 0.60546875 0.62734375 0.1578125 0.05546875
0 0.85625 0.615625 0.17890625 0.046875
0 0.56875 0.5390625 0.1125 0.06875
0 0.7203125 0.54921875 0.175 0.071875