0 0.13046875 0.64296875 0.2609375 0.0609375
0 0.1203125 0.61796875 0.240625 0.0484375
0 0.25546875 0.58828125 0.0359375 0.1671875
0 0.23671875 0.56953125 0.034375 0.1359375
0 0.26640625 0.31875 0.03125 0.1078125
0 0.28515625 0.32890625 0.0359375 0.08125
0 0.4953125 0.328125 0.4328125 0.0765625
0 0.496875 0.29921875 0.471875 0.06875
0 0.69921875 0.39375 0.0265625 0.0640625
0 0.71796875 0.36640625 0.0296875 0.1
0 0.778125 0.4453125 0.44375 0.0875
0 0.55078125 0.51328125 0.059375 0.2203125
0 0.4515625 0.58984375 0.21875 0.05625
0 0.3609375 0.48984375 0.034375 0.2125
0 0.1953125 0.37890625 0.3703125 0.0796875
0 0.17890625 0.4140625 0.3453125 0.0640625
0 0.16796875 0.43984375 0.328125 0.0625
0 0.1515625 0.475 0.303125 0.0671875
0 0.28125 0.58828125 0.04375 0.2296875
0 0.31171875 0.5515625 0.034375 0.215625
0 0.334375 0.5234375 0.0375 0.20625
0 0.446875 0.63046875 0.259375 0.0578125
0 0.44140625 0.66015625 0.2953125 0.059375
0 0.59609375 0.58125 0.04375 0.2140625
0 0.5796875 0.55 0.04375 0.20625
0 0.790625 0.4765625 0.41875 0.071875
0 0.796875 0.50703125 0.40625 0.0796875
0 0.80390625 0.55234375 0.3875 0.09375
0 0.61328125 0.62109375 0.0484375 0.2203125
0 0.43984375 0.69921875 0.3484375 0.0734375
0 0.82734375 0.69453125 0.3078125 0.05625
0 0.69140625 0.61640625 0.03125 0.1453125
0 0.6703125 0.6296875 0.034375 0.175
0 0.8171875 0.7171875 0.325 0.0625