0 0.3953125 0.746875 0.753125 0.50625
0 0.1921875 0.521875 0.2046875 0.1671875
0 0.30625 0.4296875 0.13125 0.065625
0 0.36875 0.33828125 0.08125 0.14375
0 0.38046875 0.22890625 0.059375 0.0921875
0 0.38046875 0.13203125 0.0578125 0.1265625
0 0.85625 0.609375 0.2875 0.58125
0 0.6390625 0.5734375 0.2640625 0.371875
0 0.45078125 0.525 0.1625 0.228125
0 0.3421875 0.49296875 0.1015625 0.125
0 0.38125 0.41875 0.13125 0.0640625
0 0.41875 0.29609375 0.0984375 0.209375
0 0.4140625 0.13515625 0.0515625 0.1203125
0 0.415625 0.04453125 0.046875 0.059375
0 0.38046875 0.04375 0.0515625 0.0546875