0 0.8203125 0.89375 0.359375 0.2125
0 0.6109375 0.7609375 0.2390625 0.15625
0 0.33125 0.73125 0.403125 0.0921875
0 0.40859375 0.640625 0.190625 0.0765625
0 0.1984375 0.5765625 0.0390625 0.159375
0 0.315625 0.58984375 0.084375 0.046875
0 0.79765625 0.6265625 0.403125 0.2046875
0 0.5109375 0.58125 0.19375 0.1203125
0 0.359375 0.54921875 0.10625 0.053125
0 0.85234375 0.3203125 0.2953125 0.275
0 0.59453125 0.38515625 0.221875 0.1703125
0 0.43203125 0.4484375 0.1328125 0.0875
0 0.33125 0.48515625 0.09375 0.046875
0 1 0.023751340625 0.541915709375 0.0042613156249999996 0.23983944531249998 0.492545084375 0.2610910421875 0.494943625 1 0.02603935 1 0.023751340625
0 0.27445269687499996 0 0.21858784999999997 0.47803315468749996 0.2428753890625 0.48230136874999996 0.4994125140625 0.0307242484375 0.2920808546875 0 0.27445269687499996 0
0 0.561649334375 0.8365631953125 0.2140339359375 0.861318840625 0.22162379062499998 0.9057082734374999 0.5662032484374999 0.8835135562499999 0.561649334375 0.8365631953125
0 0.5525415078125 0.7947346890625 0.20492610781249998 0.8271731234375 0.22314176406250003 0.8596115546875 0.5662032484374999 0.8297340515625 0.5525415078125 0.7947346890625