0 0.89609375 0.40703125 0.20625 0.1609375
0 0.7171875 0.425 0.1765625 0.0921875
0 0.9171875 0.5453125 0.165625 0.21875
0 0.7890625 0.51484375 0.1546875 0.1609375
0 0.67890625 0.47265625 0.1109375 0.0796875
0 0.54609375 0.08671875 0.0765625 0.1734375
0 0.5390625 0.22421875 0.0875 0.096875
0 0.50546875 0.321875 0.0578125 0.09375
0 0.60859375 0.3609375 0.053125 0.1109375
0 0.67109375 0.59375 0.09375 0.178125
0 0.7140625 0.85625 0.0875 0.1953125
0 0.57109375 0.575 0.096875 0.13125
0 0.615625 0.73046875 0.1125 0.196875