0 0.26953125 0.07421875 0.5390625 0.1484375
0 0.58515625 0.23515625 0.1375 0.4703125
0 0.703125 0.5640625 0.125 0.2546875
0 0.77578125 0.575 0.0703125 0.0484375
0 0.8171875 0.63671875 0.0765625 0.16875
0 0.9046875 0.690625 0.190625 0.071875
0 0.74609375 0.38984375 0.153125 0.0625
0 0.8078125 0.35859375 0.0671875 0.0671875
0 0.88046875 0.3171875 0.175 0.0546875
0 0.72578125 0.30703125 0.159375 0.0546875
0 0.7953125 0.3078125 0.04375 0.05
0 0.8703125 0.30234375 0.1890625 0.0640625
0 0.38671875 0.515625 0.65 0.1640625
0 0.0640625 0.5015625 0.08125 0.190625
0 0.20078125 0.390625 0.4015625 0.121875
0 0.3 0.659375 0.0890625 0.228125
0 0.2625 0.78984375 0.1421875 0.0515625
0 0.19921875 0.7109375 0.09375 0.2
0 0.3734375 0.578125 0.4359375 0.1171875
0 0.61484375 0.7078125 0.125 0.378125
0 0.484375 0.92109375 0.3890625 0.115625
0 0.2828125 0.18359375 0.565625 0.1671875
0 0.38828125 0.0875 0.06875 0.1484375
0 0.1921875 0.071875 0.384375 0.115625
0 0.04296875 0.1640625 0.0859375 0.05625
0 0.08828125 0.19140625 0.0390625 0.1015625
0 0.19375 0.25234375 0.0375 0.0859375
0 0.09921875 0.32578125 0.1984375 0.0734375
0 0.071875 0.29296875 0.14375 0.0640625
0 0.33046875 0.27578125 0.24375 0.0703125
0 0.4703125 0.34296875 0.05625 0.20625
0 0.3234375 0.48671875 0.35625 0.096875
0 0.14140625 0.47890625 0.0375 0.109375
0 0.09609375 0.4359375 0.084375 0.025
0 0.02890625 0.5453125 0.0578125 0.021875
0 0.875 0.5203125 0.25 0.071875
0 0.71484375 0.70546875 0.134375 0.4953125
0 0.49296875 0.6109375 0.0890625 0.2484375
0 0.40625 0.67890625 0.0671875 0.1671875
0 0.4734375 0.73984375 0.1328125 0.0515625