0 0.634375 0.57421875 0.2875 0.8328125
0 0.3796875 0.4765625 0.3109375 0.14375
0 0.83984375 0.43203125 0.3140625 0.115625
0 0.37109375 0.37265625 0.309375 0.140625
0 0.82890625 0.34375 0.3140625 0.128125
0 0.2 0.18203125 0.1 0.2921875
0 0.2140625 0.49609375 0.0921875 0.34375
0 0.22265625 0.834375 0.1140625 0.33125
0 0.79375 0.128125 0.33125 0.1828125
0 0.27890625 0.1125 0.0703125 0.175
0 1 0.7196805515625 0.708152446875 0.7657578171874999 0.7134766031249999 0.80364115 1 0.76035365 1 0.7196805515625
0 0.7865339609374999 0 0.85085130625 0.95560485 0.8862049171875 0.950636225 0.8292225249999999 0 0.7865339609374999 0
0 0.9114062 0.9470944156250001 0.9187401187500001 0.9421968171874999 0.8624649609375 0.2196174578125 0.83539049375 0.22693448906250002 0.8981847843749999 0.9489525640625001 0.9114062 0.9470944156250001
0 0.5445594359375 0.69041435 0.15745000468749998 0.735453796875 0.15851049374999998 0.8207625234375 0.525232565625 0.77507636875 0.5445594359375 0.69041435
0 0.548853425 0.8431665890625 0.549008025 0.7998306515625 0.5294273546875 0.8049238421875 0.1726981328125 0.855058865625 0.1742358984375 0.8993276124999999 0.548853425 0.8431665890625