0 0.221875 0.89609375 0.403125 0.2078125
0 0.4375 0.7625 0.25625 0.1765625
0 0.72109375 0.7125 0.4203125 0.121875
0 0.6359375 0.62421875 0.1984375 0.0921875
0 0.84609375 0.54375 0.0515625 0.1671875
0 0.72734375 0.56640625 0.0890625 0.053125
0 0.2265625 0.63984375 0.4484375 0.2390625
0 0.52578125 0.571875 0.2078125 0.1375
0 0.67890625 0.528125 0.1125 0.0640625
0 0.16015625 0.32890625 0.3203125 0.3046875
0 0.42734375 0.37734375 0.2390625 0.190625
0 0.59765625 0.4296875 0.14375 0.1
0 0.703125 0.4609375 0.1 0.053125
0 0 0.045800328125 0.776027428125 0.46537588750000003 0.7975910671875 0.46140289531249995 0.46633028281250005 0.0011334671875 0.0245657453125 0.032024653125000004 0 0.034795896874999996 0 0.045800328125
0 0.5337356125 0 0.49908289375 0.00763744375 0.7937534296875 0.45114320937499997 0.8182883796875 0.44504087343750004 0.734473928125 0 0.5337356125 0
0 0.49176211875 0.8846087656250001 0.845769825 0.882664890625 0.8503577453125001 0.8367225609375 0.4930618625 0.8362643578125001 0.49176211875 0.8846087656250001
0 0.48791591562500003 0.8296055046875 0.8409205656250001 0.8356277999999999 0.8572307890624999 0.8011484828125001 0.49938544843750005 0.7928326703125 0.48791591562500003 0.8296055046875