0 0.56640625 0.88671875 0.140625 0.2234375
0 0.56484375 0.6984375 0.0734375 0.1671875
0 0.42890625 0.9015625 0.2015625 0.196875
0 0.471875 0.75703125 0.14375 0.1375
0 0.5234375 0.65703125 0.06875 0.1015625
0 0.9109375 0.5703125 0.178125 0.05625
0 0.77421875 0.5484375 0.0890625 0.0765625
0 0.684375 0.50625 0.0859375 0.046875
0 0.63671875 0.60078125 0.10625 0.0390625
0 0.409375 0.63671875 0.165625 0.0734375
0 0.15546875 0.6515625 0.1875 0.0671875
0 0.43671875 0.54375 0.121875 0.0828125
0 0.28515625 0.5703125 0.184375 0.0921875