0 0.9078125 0.7578125 0.184375 0.3875
0 0.78515625 0.56640625 0.184375 0.25625
0 0.7171875 0.29375 0.1453125 0.4125
0 0.63828125 0.3828125 0.1 0.196875
0 0.54453125 0.18359375 0.165625 0.0625
0 0.57421875 0.29765625 0.0578125 0.090625
0 0.678125 0.7734375 0.259375 0.434375
0 0.59375 0.4921875 0.1453125 0.2078125
0 0.540625 0.34765625 0.0671875 0.1109375
0 0.38203125 0.85078125 0.3140625 0.2984375
0 0.41171875 0.603125 0.2 0.2421875
0 0.4515625 0.43359375 0.1046875 0.1421875
0 0.47421875 0.32734375 0.059375 0.1
0 0.1363753703125 1 0.4733245484375 0.2574122640625 0.46800093125000003 0.23673986406249997 0.0271929234375 0.6031697031250001 0.1002896546875 1 0.1363753703125 1
0 0 0.3965783765625 0.0474527625 0.5574811984375 0.4582946109375 0.24116408437499998 0.450700690625 0.2177506703125 0 0.3356846421875 0 0.3965783765625
0 0.8998918703125 0.5050005343749999 0.8739688875 0.1613242875 0.829026290625 0.15999035 0.8528389953125 0.507023259375 0.8998918703125 0.5050005343749999
0 0.8467195609375 0.5124734140625 0.828603490625 0.169230021875 0.7940008828125 0.1557325984375 0.8102175453125 0.5038330640625001 0.8467195609375 0.5124734140625