0 0.5511174109375 1 0.692257540625 0.031234096875 0.6022702062499999 0.010458884375 0.4495036109375 0.981552834375 0.44228553125000003 0.9994762093749999 0.44466695781250004 1 0.5511174109375 1
0 0.37599961249999997 0 0.19326990625 0.9373770578125 0.2845010484375 0.9634002 0.32052043750000003 0.97171593125 0.3212871296875 0.956561090625 0.48660881875 0 0.37599961249999997 0
0 0.2729774671875 0.6054672453125 0.27211309687499996 0.6225528109375 0.81910786875 0.9816094453125 0.8987245859374999 0.9956398171874999 0.903145828125 0.9764893140625001 0.9024778890625 0.9340211359374999 0.7955957359375 0.896669690625 0.2729774671875 0.6054672453125
0 0.0352464265625 0.56786783125 0.78302575625 0.690955615625 0.9646974296874999 0.7098800375 0.9694585484375 0.6892573671875 0.96813378125 0.6829881546875 0.5138993859375 0.6092330953125 0.08668792187499999 0.545173796875 0.06379883593749999 0.5375847515625 0.068345215625 0.5178922234375001 0.1453334796875 0.537971046875 0.148165140625 0.5190349859375 0.049444034375 0.49970044687500004 0.0351678296875 0.5148419843750001 0.0352464265625 0.56786783125
0 1 0.112137734375 0.2708417265625 0.40792381093749996 0.28661936718750003 0.41963275468749994 1 0.1743190640625 1 0.112137734375
0 0.8336900249999999 0.06388635937500001 0.2856764015625 0.38369247500000003 0.2917758453125 0.39062682187500003 0.91418034375 0.0828379625 0.9113938578124999 0.08182570156249999 0.8336900249999999 0.06388635937500001
0 0.525807828125 1 0.26304561875 0.7218654515625 0.24755984999999997 0.7355754 0.4888321515625 1 0.525807828125 1
0 0.40301254062499997 0.742655946875 0.3726612859375 0.9741834578124999 0.3882396734375 0.9800846921874999 0.417740578125 0.7322280890624999 0.26818976875 0.7195960484375 0.2654114265625 0.731630371875 0.40301254062499997 0.742655946875
0 0.44215079062499996 0.9997965109375 0.5931451109375 0.0083521890625 0.5741092250000001 0.003957409375 0.52943275 0.241765359375 0.41750267656249995 0.9867484109375001 0.4396248015625 0.999213340625 0.44215079062499996 0.9997965109375
0 0.7083975734375 0.3337856609375 0.6502376171875001 0.6257288187500001 0.6698039109375 0.6210273234375 0.7282164421874999 0.3279901375 0.7083975734375 0.3337856609375
0 0.9970967406250001 0.5695432015625 0.9961164609375001 0.5684526296875 0.6261417328125 0.4899512796875 0.622854115625 0.5108623031249999 0.9933565375000001 0.5857438046875 0.9970967406250001 0.5695432015625
0 1 0.44225751874999997 0.7138448546875 0.45027739375 0.7203445046875 0.4621490296875 1 0.4595957484375 1 0.44225751874999997