0 0.47734375 0.88828125 0.11796875 0.209375
0 0.459375 0.703125 0.05546875 0.1609375
0 0.6140625 0.8953125 0.18046875 0.1875
0 0.55625 0.7515625 0.1296875 0.12265625
0 0.4953125 0.65859375 0.0578125 0.09375
0 0.0984375 0.6140625 0.18984375 0.0359375
0 0.23828125 0.578125 0.08203125 0.0671875
0 0.321875 0.52734375 0.08203125 0.03828125
0 0.37890625 0.615625 0.10078125 0.02890625
0 0.60546875 0.62734375 0.15859375 0.05546875
0 0.85546875 0.615625 0.18046875 0.0484375
0 0.56875 0.53828125 0.11328125 0.06953125
0 0.7203125 0.54921875 0.17578125 0.071875