0 0.3051601796875 0.18525619843750002 0.3465821453125 0.1893322421875 0.3997315125 0.17099339375 0.426205090625 0.125899503125 0.41566870937499995 0.0054681124999999995 0.3354033640625 0.0124904203125 0.3395995625 0.1095209609375 0.21895609062500002 0.0226782375 0.029984037499999998 0.03921115 0.3051601796875 0.18525619843750002
0 0 0.2024404203125 0.38548777031250003 0.3211061421875 0.42767629375 0.31655956875 0.47261018593750004 0.2912394875 0.48661353281249997 0.260069925 0.47936064375000004 0.21193783281249998 0.47146683125 0.000586409375 0.41860027187500004 0.005211634375 0.4261070765625 0.142163625 0.40886211093749997 0.171050125 0.41779977500000004 0.25582368906249997 0.3104817171875 0.21131283281250002 0 0.0808545546875 0 0.2024404203125
0 0.7099230359375001 0 0.794085653125 0.2802251296875 0.8021020109375 0.26754601875 0.735900784375 0 0.7099230359375001 0
0 0 0.3959939453125 0.6909367109375 0.439827184375 0.7055848734375 0.43341230625 0.6978594640625 0.3451104640625 0.71557695 0.35639371249999996 0.8018141562500001 0.42071556093750007 0.8460320453125 0.4219803265625 0.8439283968750001 0.4153199296875 0.8090639562499999 0.41665906406250003 0.694418725 0.323167059375 0.6754652531249999 0.3325252671875 0.6815327124999999 0.4192610515625 0 0.293203559375 0 0.3959939453125
0 0 0.5218304734375 0.006572375 0.5969530562500001 0.7042508749999999 0.470317884375 0.7152354515625 0.43941243124999996 0.6924460984375 0.43969512968749996 0.69370890625 0.45412908593749995 0 0.49435796875 0 0.5218304734375
0 0.7165188953125 0.3845446203125 0.8009733171875 0.42848911875000006 0.843236121875 0.424791603125 0.8443740937499999 0.4204142671875 0.7972859984375 0.42111172343750003 0.711568771875 0.3627332671875 0.7165188953125 0.3845446203125
0 0.8027798328125 0.431753290625 0.721023325 0.40126163437500006 0.7222118484375 0.4148465328125 0.7911504421875 0.4379040609375 0.838312821875 0.43805566249999994 0.8420981515625 0.4291689390625 0.8027798328125 0.431753290625
0 0.694107140625 0.493449778125 0.0155205390625 0.6992310500000001 0.02533523125 0.8114134828124999 0.72028668125 0.49714824999999996 0.7180721218749999 0.4718357203125 0.6968525109375 0.4726762671875 0.694107140625 0.493449778125
0 0.0785025984375 1 0.48871819062500005 0.7013522078125 0.5460480328124999 0.6612587390625 0.547162275 0.6739945828125 0.7344777859375 0.7115065671874999 0.751924965625 0.7544690000000001 0.783672621875 0.7696580984375 0.804117934375 0.8816581890625 0.874886775 0.8908667093749999 0.8780303828125 0.909413890625 0.91002461875 0.9100369781250001 0.9036631203125 0.8720935578125 0.8154739234375 0.8549980171874999 0.7813667625 0.6911487671875001 0.7573888828124999 0.6778465687499999 0.602439021875 0.6452029515625 0.5654946625 0.6227685125 0.531693909375 0.6188812546875 0.0336594828125 0.889175715625 0.0381298625 0.957656790625 0.0418344125 1 0.0785025984375 1
0 0.29520077968749997 1 0.54508854375 0.7545981859374999 0.730523253125 0.787996946875 0.749702665625 0.8333744937500001 0.7871164515625 0.8437900921875 0.8076835078125001 0.9224128859375 0.8186949046875001 0.92658284375 0.887880078125 0.9350743609375 0.8824130671875 0.959508203125 0.90505385625 0.9575273921875 0.9097780375 0.9246029859375 0.9045070531249999 0.9165085875000001 0.81352193125 0.9022243234375 0.7820889515625 0.7689410953125 0.7584082046875 0.759035121875 0.5833906296875 0.7230138703125 0.5619858265625 0.7043532265625 0.5194258890625 0.70465451875 0.14271119375000002 1 0.29520077968749997 1
0 0.41550249843750003 1 0.5454155890625 0.8452584109375 0.73795153125 0.8729025625 0.7815813421875 0.9717520578125001 0.8034959328125 0.975357465625 0.9000578359375 0.96690939375 0.8856546875 0.9617912656250001 0.81322789375 0.9510166874999999 0.7916951625 0.8613561640625 0.7763279015625 0.842167303125 0.575576484375 0.8075419187499999 0.5500892203125 0.7943717734375 0.5089643875000001 0.7936919546875 0.3072759484375 1 0.41550249843750003 1