0 0.84375 0.65859375 0.3125 0.03125
0 0.8546875 0.634375 0.290625 0.021875
0 0.6984375 0.59140625 0.0171875 0.15859375
0 0.71875 0.57578125 0.01953125 0.12734375
0 0.71484375 0.33515625 0.01953125 0.10078125
0 0.69609375 0.3421875 0.0265625 0.07421875
0 0.49765625 0.32109375 0.4109375 0.02890625
0 0.4984375 0.29296875 0.44921875 0.01953125
0 0.2984375 0.36328125 0.01953125 0.06015625
0 0.2828125 0.33515625 0.0171875 0.09375
0 0.2140625 0.40390625 0.428125 0.03828125
0 0.4265625 0.490625 0.0359375 0.20703125
0 0.51328125 0.5734375 0.2046875 0.03359375
0 0.6078125 0.48828125 0.01171875 0.2015625
0 0.8 0.3984375 0.4 0.0375
0 0.8125 0.43359375 0.375 0.0265625
0 0.82109375 0.46015625 0.3578125 0.0265625
0 0.8328125 0.4953125 0.334375 0.03359375
0 0.67421875 0.5890625 0.01953125 0.21640625
0 0.64921875 0.55078125 0.01171875 0.2046875
0 0.63125 0.521875 0.0140625 0.196875
0 0.51328125 0.61171875 0.2453125 0.02890625
0 0.515625 0.640625 0.27890625 0.0265625
0 0.37734375 0.55078125 0.021875 0.2015625
0 0.3953125 0.52265625 0.021875 0.19453125
0 0.20078125 0.4328125 0.4015625 0.0265625
0 0.19375 0.46015625 0.38671875 0.0359375
0 0.1828125 0.50234375 0.365625 0.05078125
0 0.35703125 0.58671875 0.02421875 0.209375
0 0.51328125 0.678125 0.3296875 0.0359375
0 0.146875 0.634375 0.290625 0.02421875
0 0.28359375 0.57421875 0.0140625 0.13671875
0 0.3015625 0.5890625 0.0140625 0.165625
0 0.15390625 0.6578125 0.3078125 0.0265625