0 0.0265625 0.67890625 0.01171875 0.6421875
0 0.26328125 0.365625 0.46640625 0.03125
0 0.603125 0.32421875 0.240625 0.06953125
0 0.6296875 0.25859375 0.03359375 0.0625
0 0.6984375 0.23203125 0.1609375 0.040625
0 0.775 0.12890625 0.0171875 0.2546875
0 0.446875 0.2453125 0.02890625 0.146875
0 0.43046875 0.17890625 0.05546875 0.05546875
0 0.40625 0.09375 0.0140625 0.1875
0 0.36328125 0.24609375 0.01953125 0.15625
0 0.37890625 0.18046875 0.04296875 0.03359375
0 0.3921875 0.1 0.021875 0.19921875
0 0.48828125 0.61640625 0.0140625 0.6515625
0 0.40234375 0.921875 0.1828125 0.040625
0 0.32421875 0.77734375 0.02421875 0.4234375
0 0.60546875 0.73046875 0.22109375 0.03828125
0 0.72265625 0.7953125 0.01953125 0.13671875
0 0.63203125 0.8390625 0.18984375 0.05078125
0 0.54453125 0.64296875 0.0171875 0.43515625
0 0.72109375 0.44140625 0.3703125 0.040625
0 0.896875 0.61328125 0.0265625 0.384375
0 0.1421875 0.678125 0.021875 0.63671875
0 0.07421875 0.51953125 0.1484375 0.0359375
0 0.00625 0.75390625 0.01171875 0.4859375
0 0.06640625 0.9109375 0.0171875 0.1703125
0 0.11171875 0.83046875 0.0984375 0.0171875
0 0.19375 0.74296875 0.08203125 0.01953125
0 0.23671875 0.875 0.0171875 0.25
0 0.19921875 0.89765625 0.01953125 0.2015625
0 0.24609375 0.61796875 0.0140625 0.24296875
0 0.34140625 0.4984375 0.2046875 0.009375
0 0.44609375 0.6703125 0.0140625 0.35546875
0 0.39765625 0.8421875 0.1078125 0.01171875
0 0.34765625 0.8765625 0.00703125 0.084375
0 0.4390625 0.96875 0.009375 0.0625
0 0.60234375 0.13828125 0.01171875 0.2765625
0 0.74765625 0.34609375 0.5046875 0.021875
0 0.60234375 0.5359375 0.24296875 0.03359375
0 0.64765625 0.63359375 0.1609375 0.03125
0 0.72109375 0.5828125 0.021875 0.1296875