0 0.8296875 0.85625 0.340625 0.25
0 0.62578125 0.7546875 0.2546875 0.1796875
0 0.346875 0.75859375 0.40625 0.1390625
0 0.41171875 0.66015625 0.1953125 0.096875
0 0.196875 0.62265625 0.059375 0.1625
0 0.3140625 0.621875 0.0890625 0.05625
0 0.790625 0.5984375 0.41875 0.253125
0 0.50546875 0.590625 0.203125 0.140625
0 0.353125 0.57734375 0.109375 0.065625
0 0.81953125 0.290625 0.3453125 0.3078125
0 0.5640625 0.38828125 0.2375 0.19375
0 0.41171875 0.46875 0.140625 0.103125
0 0.3171875 0.51796875 0.096875 0.0578125
0 0.7209109406249999 0 0.4660673375 0.020351003125 0.22830725312500003 0.5357467578125 0.24946048125 0.535537784375 0.9019704281250001 0 0.7209109406249999 0
0 0.230054065625 0.525332225 0.42752600625000003 0.05143341875 0.2029503203125 0.045857675 0.20569502499999998 0.5240731171874999 0.230054065625 0.525332225
0 0.260187128125 0.9432345078125 0.5958141421875001 0.879924578125 0.5856882609375 0.834417640625 0.24738907812500002 0.9006056843750001 0.260187128125 0.9432345078125
0 0.2561253015625 0.8978330015625 0.5893366515625 0.8271696390625 0.5717083546875 0.7944839453125 0.234334528125 0.8682084078125 0.2561253015625 0.8978330015625