0 0.85390625 0.628125 0.2921875 0.059375
0 0.8640625 0.6015625 0.271875 0.046875
0 0.715625 0.571875 0.0328125 0.1671875
0 0.73515625 0.55390625 0.03125 0.1359375
0 0.709375 0.303125 0.0296875 0.1078125
0 0.68984375 0.3125 0.034375 0.0796875
0 0.48046875 0.3078125 0.4328125 0.06875
0 0.47890625 0.27890625 0.471875 0.0609375
0 0.275 0.36953125 0.025 0.0640625
0 0.25625 0.3421875 0.0265625 0.1
0 0.20859375 0.41875 0.4171875 0.078125
0 0.421875 0.4921875 0.05625 0.2203125
0 0.5203125 0.5703125 0.2171875 0.053125
0 0.6109375 0.471875 0.03125 0.2125
0 0.7921875 0.36328125 0.3953125 0.075
0 0.8078125 0.3984375 0.3703125 0.0609375
0 0.81875 0.425 0.3515625 0.0578125
0 0.834375 0.459375 0.328125 0.0625
0 0.68984375 0.571875 0.040625 0.2296875
0 0.66015625 0.53359375 0.03125 0.215625
0 0.63828125 0.50625 0.0328125 0.20625
0 0.5234375 0.6109375 0.259375 0.053125
0 0.52890625 0.640625 0.2953125 0.053125
0 0.37578125 0.55859375 0.040625 0.2140625
0 0.3921875 0.528125 0.0390625 0.20625
0 0.19609375 0.4484375 0.3921875 0.0625
0 0.1890625 0.48046875 0.378125 0.0703125
0 0.1796875 0.5234375 0.359375 0.084375
0 0.3578125 0.5984375 0.04375 0.2203125
0 0.5296875 0.68046875 0.3484375 0.0671875
0 0.153125 0.6671875 0.28125 0.05
0 0.2796875 0.59296875 0.028125 0.1453125
0 0.3 0.60625 0.03125 0.175
0 0.16484375 0.68984375 0.2984375 0.053125