0 0.8071549984375 1 0.638477684375 0.8777816109375 0.5966962328125 0.8676675109374999 0.5396991234375 0.8787682890624999 0.5061422015625 0.9210342375 0.5020037828125 1 0.587552621875 1 0.5923705203125 0.9502070437500001 0.6444495265625 1 0.8071549984375 1
0 0.9744822828125 1 0.97887711875 0.9161415421875001 0.5758367046874999 0.7274565984375 0.5320322734375 0.7260413984375 0.482435 0.7454544109375 0.46363355781250004 0.775286284375 0.46413611875000005 0.82550065625 0.446430915625 0.9978787359375 0.4869070375 1 0.5004455937500001 1 0.50857935 0.9044326171874999 0.5303683390625 0.87739879375 0.5334073625 0.7895088765625 0.63677865 0.850397321875 0.8881015375000001 1 0.9744822828125 1
0 0.142020596875 0.722331096875 0.1690312484375 0.9833408359375 0.1941376171875 0.9846566046874999 0.1520416546875 0.7105293921875 0.142020596875 0.722331096875
0 0.280883390625 0.6741376015625 0.28714005 0.5846553296875 0.9840558421875001 0.8173256296875 0.9897773984375 0.708151821875 0.280476503125 0.5622938140625 0.26457238906249997 0.566743265625 0.2597864921875 0.6580635984375001 0.2432859609375 0.643991465625 0.1643230640625 0.5658918796875 0.11927795781249999 0.5582482140625 0.1204726125 0.565354759375 0.15632498749999998 0.568994684375 0.26015281875 0.6809755843749999 0.280883390625 0.6741376015625
0 1 0.5001958890625 0.271239571875 0.529231528125 0.2555637296875 0.55922720625 0.2789137015625 0.5622119109375 0.2796960109375 0.547284546875 0.9951392171875 0.6058422343750001 1 0.513092975 1 0.5001958890625
0 0.24636736250000002 0.6150967234375 0.166300028125 0.5580710609375 0.12254161562500002 0.5557777796875001 0.120748721875 0.560086278125 0.169011465625 0.5661375875 0.24829649062499998 0.6380906125 0.24636736250000002 0.6150967234375
0 0.1649213015625 0.5544768375 0.24416212499999998 0.5973713140625 0.24489841562499998 0.5833220328125 0.1776998140625 0.5498635796875 0.12948308749999998 0.542934190625 0.1243345046875 0.5514692812499999 0.1649213015625 0.5544768375
0 1 0.28257280156250003 0.2586929703125 0.4995177578125 0.25732105 0.525695565625 0.2791456140625 0.52788488125 0.284938453125 0.5070566671875001 1 0.395637146875 1 0.28257280156250003
0 1 0.071261975 0.5248861765624999 0.32416260625 0.4604874078125 0.356887775 0.46117768124999997 0.34371657187500004 0.274977965625 0.2784872734375 0.26330570781249996 0.23208998125 0.2330160828125 0.21201223906250002 0.2281969015625 0.0946542625 0.1571364078125 0.07508128593749999 0.1565860078125 0.055681621875 0.12395126875 0.050449337500000004 0.12500604843750002 0.09012675 0.21275115000000003 0.1202595390625 0.224094003125 0.292549903125 0.24670768281250002 0.3095838890625 0.4005027515625 0.36519050625 0.435066615625 0.39341667812500003 0.4690800828125 0.40224318124999997 1 0.20410669375 1 0.071261975
0 0.12629637968750002 0.0356038796875 0.1305246 0.0446303890625 0.22153335625 0.07229274375 0.2345328640625 0.2129722234375 0.2573306171875 0.22649388906249998 0.4311659828125 0.28843372343749996 0.450377953125 0.310572384375 0.4939522921875 0.3163779875 0.9966974484375 0.0253446375 0.8082298234374999 0.0154674671875 0.47488019687499994 0.26166845781250003 0.2900131921875 0.2009114609375 0.2769161890625 0.15179802656250002 0.2401452671875 0.135783075 0.23040577812500002 0.052506415625000004 0.219742284375 0.046664615625 0.15019857187500002 0.028051621875 0.1593010828125 0.0038748921875000003 0.135859075 0.00264635 0.12629637968750002 0.0356038796875
0 0.1542482234375 0 0.1563135359375 0.0010768453125000002 0.2288447953125 0.022487884375 0.2379860515625 0.1171795859375 0.2509468171875 0.138990634375 0.45130377499999996 0.2032009 0.47548025312500003 0.22031678906250002 0.517445775 0.22691856718749998 0.7929067046875 0.0146644171875 0.6666346484375001 0.008046778125 0.48757213281249995 0.169001478125 0.294615015625 0.1131034484375 0.26419279218749997 0.0058500671875 0.24544112343750002 0 0.1542482234375 0