0 0.4 0.37421875 0.784375 0.16875
0 0.52734375 0.603125 0.0984375 0.28984375
0 0.50859375 0.15703125 0.0703125 0.29765625
0 0.62734375 0.59765625 0.0953125 0.2875
0 0.59453125 0.153125 0.0828125 0.30234375
0 0.84765625 0.73515625 0.3046875 0.05859375
0 0.53125 0.76328125 0.328125 0.04375
0 0.184375 0.803125 0.359375 0.06015625
0 0.80390625 0.15703125 0.1359375 0.31015625
0 0.903125 0.65 0.19375 0.04609375
0 0.1744033953125 0.0044642859375000005 0.17105602656250002 0.3288690484375 0.207877075 0.3288690484375 0.21345602187499998 0 0.1744033953125 0.0044642859375000005
0 0.0014560515625 0.21875 0.9654980203125 0.1488095234375 0.9498769703125 0.1086309515625 0.0003402625 0.1845238109375 0.0014560515625 0.21875
0 0.7077506875 0.1086309515625 0.011498154687500001 0.15178571406250002 0.0014560515625 0.1726190484375 0.7044033203125 0.1354166671875 0.7077506875 0.1086309515625
0 0.22349812500000002 0.5044642859375 0.229077071875 0.8601190484375 0.3105296921875 0.84970238125 0.3016033765625 0.47470238125 0.22349812500000002 0.5044642859375
0 0.19671918125 0.4851190484375 0.1554349765625 0.49107142968749995 0.15208760937500002 0.8556547625 0.194487603125 0.8511904765624999 0.194487603125 0.5044642859375 0.19671918125 0.4851190484375