0 0.7828125 0.8984375 0.403125 0.203125
0 0.5625 0.76875 0.2546875 0.171875
0 0.27578125 0.72265625 0.4203125 0.115625
0 0.36015625 0.63359375 0.196875 0.0875
0 0.146875 0.55546875 0.0515625 0.16875
0 0.2671875 0.57578125 0.090625 0.053125
0 0.7734375 0.63984375 0.45 0.234375
0 0.46875 0.578125 0.20625 0.1328125
0 0.31484375 0.53671875 0.1109375 0.0625
0 0.8375 0.32734375 0.325 0.3015625
0 0.56640625 0.38125 0.2375 0.1859375
0 0.3953125 0.4375 0.140625 0.096875
0 0.2890625 0.4703125 0.1 0.053125
0 1 0.030512378125 0.883087365625 0.019390584375 0.5215851171875 0.00044505468750000003 0.1943213546875 0.4719209734375 0.2160712625 0.47553481875000003 1 0.0342461640625 1 0.030512378125
0 0.25090956875 0 0.173224459375 0.45584697187499995 0.1979991765625 0.46154781875 0.4864561078125 0.010885021875000001 0.43257893125 0 0.25090956875 0
0 0.507089721875 0.8431506828125 0.147873871875 0.8498592421875 0.1532949265625 0.8959289234375 0.5092471203125 0.8916907999999999 0.507089721875 0.8431506828125
0 0.4999678125 0.7996333390625 0.1403377984375 0.8142446187499999 0.15734271093750002 0.8485944984374999 0.51214626875 0.83637175 0.4999678125 0.7996333390625