0 0.60625 0.40859375 0.7875 0.3515625
0 0.4453125 0.6125 0.1671875 0.315625
0 0.56796875 0.16796875 0.1390625 0.315625
0 0.34609375 0.58359375 0.1625 0.3109375
0 0.48125 0.15234375 0.153125 0.3046875
0 0.12578125 0.6734375 0.2515625 0.125
0 0.40390625 0.77265625 0.340625 0.1203125
0 0.73828125 0.8921875 0.3640625 0.1421875
0 0.2703125 0.1359375 0.209375 0.271875
0 0.0796875 0.5734375 0.159375 0.0875
0 0.9007173953125 0.079360846875 0.8302475156250001 0.41003799374999994 0.867282175 0.41858811874999996 0.9394069671875 0.0908208796875 0.9190121375 0.0835845203125 0.9007173953125 0.079360846875
0 1 0.2897393265625 0.1351941765625 0.01574684375 0.1101326296875 0.052618273437499995 1 0.327370475 1 0.2897393265625
0 1 0.2566417875 0.37872512187499996 0.0719703921875 0.3758586578125 0.09974684687499999 1 0.2791407375 1 0.2566417875
0 0.6852984125 0.9405987437500001 0.7736734281250001 0.5834052296875 0.7020408921875 0.5352695234375 0.605797296875 0.911185153125 0.6852984125 0.9405987437500001
0 0.8028522515625 0.5901416921875 0.722166296875 0.93963095625 0.7637733921875001 0.9539764156249999 0.845248059375 0.585710421875 0.8051095171875 0.5701241031250001 0.8028522515625 0.5901416921875