0 1 0.46503659218750004 0.9942513984374999 0.4241331671875 0.0138514953125 0.633521915625 0.02892189375 0.7407533749999999 1 0.52180135625 1 0.46503659218750004
0 0 0.49707751250000004 0.9773278124999999 0.3037155921875 0.9615165125 0.19121234843749998 0 0.36018775000000003 0 0.49707751250000004
0 0.20347401562499998 1 0.20183507656250002 0.9457718265624999 0.29067676875 0.32478379999999996 0.2736108453125 0.330359815625 0.12760358125 1 0.20347401562499998 1
0 0.4689147921875 1 0.3775655640625 0.5620105890625 0.279715384375 0.11978312499999999 0.27854581562499997 0.09452704375 0.2995504375 0.09157503593750001 0.308821646875 0.17447731093750002 0.3284403828125 0.1701312984375 0.3102690671875 0.0662369546875 0.2900655515625 0.05795492343750001 0.23813878437499997 0.0779629828125 0.3986740125 0.8561455578125001 0.43738124687499996 1 0.4689147921875 1
0 1 0.8003214984374999 0.48343279531250005 0.24844157500000003 0.47789189062500004 0.2682856390625 1 0.8904547671874999 1 0.8003214984374999
0 1 0.6442788546875 0.512752734375 0.25385359687500003 0.5082514421875 0.26243010624999996 1 0.7155490984374999 1 0.6442788546875
0 0.1536367046875 0.34880985937500003 0.013176110937499999 0.6287163015624999 0.0199869 0.677177590625 0.1728922625 0.3588138953125 0.1536367046875 0.34880985937500003
0 0.20514405156249998 0.5036263734374999 0.002448721875 0.55238696875 0.0047608546875 0.5688386421875 0.2208988359375 0.5141224109375 0.177049921875 0.36299590937500004 0.164213765625 0.3647999125 0.20514405156249998 0.5036263734374999
0 0.99002048125 0.3940286328125 0.7434615265625 0.43909223593749996 0.0093079015625 0.6011925687499999 0.0131720515625 0.628687421875 0.992887125 0.4144258640625 0.99002048125 0.3940286328125
0 0.4246241765625 0.7190411125 0.7337120046875001 0.666068978125 0.7205821343750001 0.648848921875 0.41266123125 0.701657053125 0.4246241765625 0.7190411125
0 0.5149156031250001 0.6316788921875001 0.5760760656249999 0.9942219921875 0.5945277875 0.9916287718750001 0.5366408875 0.6270368234375 0.5149156031250001 0.6316788921875001
0 0.5992995015625 0.7087911015625 0.70480204375 0.9761307359375 0.7233031265625 0.973530578125 0.6084880312500001 0.6979670671875 0.5992995015625 0.7087911015625